Pe = 332992.9467512593
m_tot = 14.665886982119348
eta_cyclex = 0.43878305286049185
eta_cyclen =  0.0848887866268833