Pe = 356533.3541636468
m_tot = 7.956806381916194
eta_cyclex = 0.4515097137603061