Pe = 362029.48396802996
m_tot = 14.281336821527487
eta_cyclex = 0.45469894736491856